a =                1
b =                1
tau_a =                1
tau_b =              0.1
t =               50
delta =              0.2
               0               1               1
             0.2          0.8187          0.3879
             0.4          0.6703           0.174
             0.6          0.5488         0.09459
             0.8          0.4493         0.06148
               1          0.3679         0.04502
             1.2          0.3012         0.03509
             1.4          0.2466         0.02814
             1.6          0.2019         0.02284
             1.8          0.1653         0.01863
               2          0.1353         0.01523
             2.2          0.1108         0.01247
             2.4         0.09072          0.0102
             2.6         0.07428        0.008353
             2.8         0.06081        0.006838
               3         0.04979        0.005599
             3.2         0.04076        0.004584
             3.4         0.03338        0.003753
             3.6         0.02733        0.003073
             3.8         0.02237        0.002516
               4         0.01832         0.00206
             4.2           0.015        0.001686
             4.4         0.01228        0.001381
             4.6         0.01005         0.00113
             4.8         0.00823       0.0009255
               5        0.006738       0.0007577
             5.2        0.005517       0.0006204
             5.4        0.004517       0.0005079
             5.6        0.003698       0.0004159
             5.8        0.003028       0.0003405
               6        0.002479       0.0002788
             6.2         0.00203       0.0002282
             6.4        0.001662       0.0001869
             6.6        0.001361        0.000153
             6.8        0.001114       0.0001253
               7        0.000912       0.0001026
             7.2       0.0007467       8.396e-05
             7.4       0.0006113       6.874e-05
             7.6       0.0005005       5.628e-05
             7.8       0.0004098       4.608e-05
               8       0.0003355       3.773e-05
             8.2       0.0002747       3.089e-05
             8.4       0.0002249       2.529e-05
             8.6       0.0001841       2.071e-05
             8.8       0.0001508       1.695e-05
               9       0.0001234       1.388e-05
             9.2       0.0001011       1.136e-05
             9.4       8.274e-05       9.304e-06
             9.6       6.774e-05       7.617e-06
             9.8       5.546e-05       6.236e-06
              10       4.541e-05       5.106e-06
            10.2       3.718e-05        4.18e-06
            10.4       3.044e-05       3.423e-06
            10.6       2.492e-05       2.802e-06
            10.8        2.04e-05       2.294e-06
              11        1.67e-05       1.878e-06
            11.2       1.368e-05       1.538e-06
            11.4        1.12e-05       1.259e-06
            11.6       9.168e-06       1.031e-06
            11.8       7.506e-06        8.44e-07
              12       6.145e-06        6.91e-07
            12.2       5.031e-06       5.658e-07
            12.4       4.119e-06       4.632e-07
            12.6       3.373e-06       3.793e-07
            12.8       2.761e-06       3.105e-07
              13       2.261e-06       2.542e-07
            13.2       1.851e-06       2.081e-07
            13.4       1.515e-06       1.704e-07
            13.6       1.241e-06       1.395e-07
            13.8       1.016e-06       1.142e-07
              14       8.317e-07       9.352e-08
            14.2        6.81e-07       7.657e-08
            14.4       5.575e-07       6.269e-08
            14.6       4.565e-07       5.133e-08
            14.8       3.737e-07       4.202e-08
              15        3.06e-07       3.441e-08
            15.2       2.505e-07       2.817e-08
            15.4       2.051e-07       2.306e-08
            15.6       1.679e-07       1.888e-08
            15.8       1.375e-07       1.546e-08
              16       1.126e-07       1.266e-08
            16.2       9.216e-08       1.036e-08
            16.4       7.545e-08       8.485e-09
            16.6       6.178e-08       6.947e-09
            16.8       5.058e-08       5.687e-09
              17       4.141e-08       4.657e-09
            17.2        3.39e-08       3.812e-09
            17.4       2.776e-08       3.121e-09
            17.6       2.273e-08       2.556e-09
            17.8       1.861e-08       2.092e-09
              18       1.523e-08       1.713e-09
            18.2       1.247e-08       1.403e-09
            18.4       1.021e-08       1.148e-09
            18.6       8.361e-09       9.402e-10
            18.8       6.845e-09       7.697e-10
              19       5.604e-09       6.302e-10
            19.2       4.589e-09        5.16e-10
            19.4       3.757e-09       4.224e-10
            19.6       3.076e-09       3.459e-10
            19.8       2.518e-09       2.832e-10
              20       2.062e-09       2.318e-10
            20.2       1.688e-09       1.898e-10
            20.4       1.382e-09       1.554e-10
            20.6       1.132e-09       1.272e-10
            20.8       9.264e-10       1.042e-10
              21       7.585e-10       8.529e-11
            21.2        6.21e-10       6.983e-11
            21.4       5.084e-10       5.717e-11
            21.6       4.163e-10       4.681e-11
            21.8       3.408e-10       3.832e-11
              22        2.79e-10       3.138e-11
            22.2       2.285e-10       2.569e-11
            22.4        1.87e-10       2.103e-11
            22.6       1.531e-10       1.722e-11
            22.8       1.254e-10        1.41e-11
              23       1.027e-10       1.154e-11
            23.2       8.405e-11       9.451e-12
            23.4       6.881e-11       7.738e-12
            23.6       5.634e-11       6.335e-12
            23.8       4.613e-11       5.187e-12
              24       3.777e-11       4.247e-12
            24.2       3.092e-11       3.477e-12
            24.4       2.532e-11       2.847e-12
            24.6       2.073e-11       2.331e-12
            24.8       1.697e-11       1.908e-12
              25       1.389e-11       1.562e-12
            25.2       1.138e-11       1.279e-12
            25.4       9.313e-12       1.047e-12
            25.6       7.625e-12       8.574e-13
            25.8       6.243e-12        7.02e-13
              26       5.111e-12       5.747e-13
            26.2       4.185e-12       4.706e-13
            26.4       3.426e-12       3.853e-13
            26.6       2.805e-12       3.154e-13
            26.8       2.297e-12       2.583e-13
              27        1.88e-12       2.114e-13
            27.2       1.539e-12       1.731e-13
            27.4        1.26e-12       1.417e-13
            27.6       1.032e-12        1.16e-13
            27.8       8.449e-13       9.501e-14
              28       6.917e-13       7.779e-14
            28.2       5.664e-13       6.369e-14
            28.4       4.637e-13       5.214e-14
            28.6       3.796e-13       4.269e-14
            28.8       3.108e-13       3.495e-14
              29       2.545e-13       2.862e-14
            29.2       2.084e-13       2.343e-14
            29.4       1.706e-13       1.918e-14
            29.6       1.397e-13        1.57e-14
            29.8       1.143e-13       1.286e-14
              30       9.362e-14       1.053e-14
            30.2       7.665e-14       8.619e-15
            30.4       6.276e-14       7.057e-15
            30.6       5.138e-14       5.778e-15
            30.8       4.207e-14        4.73e-15
              31       3.444e-14       3.873e-15
            31.2        2.82e-14       3.171e-15
            31.4       2.309e-14       2.596e-15
            31.6        1.89e-14       2.126e-15
            31.8       1.548e-14        1.74e-15
              32       1.267e-14       1.425e-15
            32.2       1.037e-14       1.167e-15
            32.4       8.493e-15       9.551e-16
            32.6       6.954e-15       7.819e-16
            32.8       5.693e-15       6.402e-16
              33       4.661e-15       5.242e-16
            33.2       3.816e-15       4.291e-16
            33.4       3.125e-15       3.514e-16
            33.6       2.558e-15       2.877e-16
            33.8       2.094e-15       2.355e-16
              34       1.715e-15       1.928e-16
            34.2       1.404e-15       1.579e-16
            34.4       1.149e-15       1.293e-16
            34.6       9.411e-16       1.058e-16
            34.8       7.705e-16       8.664e-17
              35       6.309e-16       7.094e-17
            35.2       5.165e-16       5.808e-17
            35.4       4.229e-16       4.755e-17
            35.6       3.462e-16       3.893e-17
            35.8       2.835e-16       3.188e-17
              36       2.321e-16        2.61e-17
            36.2         1.9e-16       2.137e-17
            36.4       1.556e-16       1.749e-17
            36.6       1.274e-16       1.432e-17
            36.8       1.043e-16       1.173e-17
              37       8.538e-17       9.601e-18
            37.2        6.99e-17       7.861e-18
            37.4       5.723e-17       6.436e-18
            37.6       4.686e-17       5.269e-18
            37.8       3.836e-17       4.314e-18
              38       3.141e-17       3.532e-18
            38.2       2.572e-17       2.892e-18
            38.4       2.105e-17       2.368e-18
            38.6       1.724e-17       1.938e-18
            38.8       1.411e-17       1.587e-18
              39       1.156e-17       1.299e-18
            39.2       9.461e-18       1.064e-18
            39.4       7.746e-18        8.71e-19
            39.6       6.342e-18       7.131e-19
            39.8       5.192e-18       5.839e-19
              40       4.251e-18        4.78e-19
            40.2        3.48e-18       3.914e-19
            40.4        2.85e-18       3.204e-19
            40.6       2.333e-18       2.623e-19
            40.8        1.91e-18       2.148e-19
              41       1.564e-18       1.759e-19
            41.2        1.28e-18        1.44e-19
            41.4       1.048e-18       1.179e-19
            41.6       8.583e-19       9.651e-20
            41.8       7.027e-19       7.902e-20
              42       5.753e-19       6.469e-20
            42.2        4.71e-19       5.297e-20
            42.4       3.857e-19       4.337e-20
            42.6       3.158e-19       3.551e-20
            42.8       2.585e-19       2.907e-20
              43       2.117e-19        2.38e-20
            43.2       1.733e-19       1.949e-20
            43.4       1.419e-19       1.595e-20
            43.6       1.162e-19       1.306e-20
            43.8        9.51e-20       1.069e-20
              44       7.787e-20       8.756e-21
            44.2       6.375e-20       7.169e-21
            44.4       5.219e-20       5.869e-21
            44.6       4.273e-20       4.805e-21
            44.8       3.499e-20       3.934e-21
              45       2.865e-20       3.221e-21
            45.2       2.345e-20       2.637e-21
            45.4        1.92e-20       2.159e-21
            45.6       1.572e-20       1.768e-21
            45.8       1.287e-20       1.447e-21
              46       1.054e-20       1.185e-21
            46.2       8.628e-21       9.702e-22
            46.4       7.064e-21       7.943e-22
            46.6       5.784e-21       6.504e-22
            46.8       4.735e-21       5.325e-22
              47       3.877e-21       4.359e-22
            47.2       3.174e-21       3.569e-22
            47.4       2.599e-21       2.922e-22
            47.6       2.128e-21       2.393e-22
            47.8       1.742e-21       1.959e-22
              48       1.426e-21       1.604e-22
            48.2       1.168e-21       1.313e-22
            48.4        9.56e-22       1.075e-22
            48.6       7.827e-22       8.802e-23
            48.8       6.409e-22       7.206e-23
              49       5.247e-22         5.9e-23
            49.2       4.296e-22       4.831e-23
            49.4       3.517e-22       3.955e-23
            49.6        2.88e-22       3.238e-23
            49.8       2.358e-22       2.651e-23
              50        1.93e-22       2.171e-23
