a =                1
b =                1
tau_a =                1
tau_b =               10
t =               50
delta =              0.2
               0               1               1
             0.2          0.8187            1.16
             0.4          0.6703           1.285
             0.6          0.5488            1.38
             0.8          0.4493           1.451
               1          0.3679           1.503
             1.2          0.3012            1.54
             1.4          0.2466           1.564
             1.6          0.2019           1.577
             1.8          0.1653           1.582
               2          0.1353           1.581
             2.2          0.1108           1.574
             2.4         0.09072           1.562
             2.6         0.07428           1.548
             2.8         0.06081           1.531
               3         0.04979           1.511
             3.2         0.04076            1.49
             3.4         0.03338           1.468
             3.6         0.02733           1.445
             3.8         0.02237           1.421
               4         0.01832           1.397
             4.2           0.015           1.373
             4.4         0.01228           1.348
             4.6         0.01005           1.324
             4.8         0.00823           1.299
               5        0.006738           1.275
             5.2        0.005517           1.251
             5.4        0.004517           1.227
             5.6        0.003698           1.204
             5.8        0.003028           1.181
               6        0.002479           1.158
             6.2         0.00203           1.135
             6.4        0.001662           1.113
             6.6        0.001361           1.092
             6.8        0.001114            1.07
               7        0.000912           1.049
             7.2       0.0007467           1.029
             7.4       0.0006113           1.008
             7.6       0.0005005          0.9885
             7.8       0.0004098           0.969
               8       0.0003355          0.9499
             8.2       0.0002747          0.9311
             8.4       0.0002249          0.9127
             8.6       0.0001841          0.8947
             8.8       0.0001508           0.877
               9       0.0001234          0.8597
             9.2       0.0001011          0.8427
             9.4       8.274e-05           0.826
             9.6       6.774e-05          0.8097
             9.8       5.546e-05          0.7937
              10       4.541e-05           0.778
            10.2       3.718e-05          0.7626
            10.4       3.044e-05          0.7475
            10.6       2.492e-05          0.7327
            10.8        2.04e-05          0.7182
              11        1.67e-05          0.7039
            11.2       1.368e-05            0.69
            11.4        1.12e-05          0.6764
            11.6       9.168e-06           0.663
            11.8       7.506e-06          0.6498
              12       6.145e-06           0.637
            12.2       5.031e-06          0.6244
            12.4       4.119e-06           0.612
            12.6       3.373e-06          0.5999
            12.8       2.761e-06           0.588
              13       2.261e-06          0.5764
            13.2       1.851e-06          0.5649
            13.4       1.515e-06          0.5538
            13.6       1.241e-06          0.5428
            13.8       1.016e-06           0.532
              14       8.317e-07          0.5215
            14.2        6.81e-07          0.5112
            14.4       5.575e-07          0.5011
            14.6       4.565e-07          0.4911
            14.8       3.737e-07          0.4814
              15        3.06e-07          0.4719
            15.2       2.505e-07          0.4625
            15.4       2.051e-07          0.4534
            15.6       1.679e-07          0.4444
            15.8       1.375e-07          0.4356
              16       1.126e-07           0.427
            16.2       9.216e-08          0.4185
            16.4       7.545e-08          0.4102
            16.6       6.178e-08          0.4021
            16.8       5.058e-08          0.3941
              17       4.141e-08          0.3863
            17.2        3.39e-08          0.3787
            17.4       2.776e-08          0.3712
            17.6       2.273e-08          0.3638
            17.8       1.861e-08          0.3566
              18       1.523e-08          0.3496
            18.2       1.247e-08          0.3427
            18.4       1.021e-08          0.3359
            18.6       8.361e-09          0.3292
            18.8       6.845e-09          0.3227
              19       5.604e-09          0.3163
            19.2       4.589e-09            0.31
            19.4       3.757e-09          0.3039
            19.6       3.076e-09          0.2979
            19.8       2.518e-09           0.292
              20       2.062e-09          0.2862
            20.2       1.688e-09          0.2805
            20.4       1.382e-09           0.275
            20.6       1.132e-09          0.2695
            20.8       9.264e-10          0.2642
              21       7.585e-10           0.259
            21.2        6.21e-10          0.2538
            21.4       5.084e-10          0.2488
            21.6       4.163e-10          0.2439
            21.8       3.408e-10          0.2391
              22        2.79e-10          0.2343
            22.2       2.285e-10          0.2297
            22.4        1.87e-10          0.2251
            22.6       1.531e-10          0.2207
            22.8       1.254e-10          0.2163
              23       1.027e-10           0.212
            23.2       8.405e-11          0.2078
            23.4       6.881e-11          0.2037
            23.6       5.634e-11          0.1997
            23.8       4.613e-11          0.1957
              24       3.777e-11          0.1919
            24.2       3.092e-11          0.1881
            24.4       2.532e-11          0.1843
            24.6       2.073e-11          0.1807
            24.8       1.697e-11          0.1771
              25       1.389e-11          0.1736
            25.2       1.138e-11          0.1702
            25.4       9.313e-12          0.1668
            25.6       7.625e-12          0.1635
            25.8       6.243e-12          0.1602
              26       5.111e-12          0.1571
            26.2       4.185e-12           0.154
            26.4       3.426e-12          0.1509
            26.6       2.805e-12          0.1479
            26.8       2.297e-12           0.145
              27        1.88e-12          0.1421
            27.2       1.539e-12          0.1393
            27.4        1.26e-12          0.1366
            27.6       1.032e-12          0.1339
            27.8       8.449e-13          0.1312
              28       6.917e-13          0.1286
            28.2       5.664e-13          0.1261
            28.4       4.637e-13          0.1236
            28.6       3.796e-13          0.1211
            28.8       3.108e-13          0.1187
              29       2.545e-13          0.1164
            29.2       2.084e-13          0.1141
            29.4       1.706e-13          0.1118
            29.6       1.397e-13          0.1096
            29.8       1.143e-13          0.1074
              30       9.362e-14          0.1053
            30.2       7.665e-14          0.1032
            30.4       6.276e-14          0.1012
            30.6       5.138e-14         0.09916
            30.8       4.207e-14          0.0972
              31       3.444e-14         0.09527
            31.2        2.82e-14         0.09339
            31.4       2.309e-14         0.09154
            31.6        1.89e-14         0.08972
            31.8       1.548e-14         0.08795
              32       1.267e-14         0.08621
            32.2       1.037e-14          0.0845
            32.4       8.493e-15         0.08283
            32.6       6.954e-15         0.08119
            32.8       5.693e-15         0.07958
              33       4.661e-15           0.078
            33.2       3.816e-15         0.07646
            33.4       3.125e-15         0.07494
            33.6       2.558e-15         0.07346
            33.8       2.094e-15           0.072
              34       1.715e-15         0.07058
            34.2       1.404e-15         0.06918
            34.4       1.149e-15         0.06781
            34.6       9.411e-16         0.06647
            34.8       7.705e-16         0.06515
              35       6.309e-16         0.06386
            35.2       5.165e-16          0.0626
            35.4       4.229e-16         0.06136
            35.6       3.462e-16         0.06014
            35.8       2.835e-16         0.05895
              36       2.321e-16         0.05779
            36.2         1.9e-16         0.05664
            36.4       1.556e-16         0.05552
            36.6       1.274e-16         0.05442
            36.8       1.043e-16         0.05334
              37       8.538e-17         0.05229
            37.2        6.99e-17         0.05125
            37.4       5.723e-17         0.05024
            37.6       4.686e-17         0.04924
            37.8       3.836e-17         0.04827
              38       3.141e-17         0.04731
            38.2       2.572e-17         0.04637
            38.4       2.105e-17         0.04546
            38.6       1.724e-17         0.04456
            38.8       1.411e-17         0.04367
              39       1.156e-17         0.04281
            39.2       9.461e-18         0.04196
            39.4       7.746e-18         0.04113
            39.6       6.342e-18         0.04032
            39.8       5.192e-18         0.03952
              40       4.251e-18         0.03873
            40.2        3.48e-18         0.03797
            40.4        2.85e-18         0.03722
            40.6       2.333e-18         0.03648
            40.8        1.91e-18         0.03576
              41       1.564e-18         0.03505
            41.2        1.28e-18         0.03435
            41.4       1.048e-18         0.03367
            41.6       8.583e-19         0.03301
            41.8       7.027e-19         0.03235
              42       5.753e-19         0.03171
            42.2        4.71e-19         0.03109
            42.4       3.857e-19         0.03047
            42.6       3.158e-19         0.02987
            42.8       2.585e-19         0.02927
              43       2.117e-19          0.0287
            43.2       1.733e-19         0.02813
            43.4       1.419e-19         0.02757
            43.6       1.162e-19         0.02702
            43.8        9.51e-20         0.02649
              44       7.787e-20         0.02596
            44.2       6.375e-20         0.02545
            44.4       5.219e-20         0.02495
            44.6       4.273e-20         0.02445
            44.8       3.499e-20         0.02397
              45       2.865e-20         0.02349
            45.2       2.345e-20         0.02303
            45.4        1.92e-20         0.02257
            45.6       1.572e-20         0.02213
            45.8       1.287e-20         0.02169
              46       1.054e-20         0.02126
            46.2       8.628e-21         0.02084
            46.4       7.064e-21         0.02042
            46.6       5.784e-21         0.02002
            46.8       4.735e-21         0.01962
              47       3.877e-21         0.01923
            47.2       3.174e-21         0.01885
            47.4       2.599e-21         0.01848
            47.6       2.128e-21         0.01811
            47.8       1.742e-21         0.01776
              48       1.426e-21          0.0174
            48.2       1.168e-21         0.01706
            48.4        9.56e-22         0.01672
            48.6       7.827e-22         0.01639
            48.8       6.409e-22         0.01607
              49       5.247e-22         0.01575
            49.2       4.296e-22         0.01544
            49.4       3.517e-22         0.01513
            49.6        2.88e-22         0.01483
            49.8       2.358e-22         0.01454
              50        1.93e-22         0.01425
              50        1.93e-22         0.01425
