a =                1
b =                1
tau_a =                1
tau_b =              0.1
t =                5
delta =              0.2
               0               1               1
             0.2          0.8187          0.3879
             0.4          0.6703           0.174
             0.6          0.5488         0.09459
             0.8          0.4493         0.06148
               1          0.3679         0.04502
             1.2          0.3012         0.03509
             1.4          0.2466         0.02814
             1.6          0.2019         0.02284
             1.8          0.1653         0.01863
               2          0.1353         0.01523
             2.2          0.1108         0.01247
             2.4         0.09072          0.0102
             2.6         0.07428        0.008353
             2.8         0.06081        0.006838
               3         0.04979        0.005599
             3.2         0.04076        0.004584
             3.4         0.03338        0.003753
             3.6         0.02733        0.003073
             3.8         0.02237        0.002516
               4         0.01832         0.00206
             4.2           0.015        0.001686
             4.4         0.01228        0.001381
             4.6         0.01005         0.00113
             4.8         0.00823       0.0009255
               5        0.006738       0.0007577
