a =                1
b =                1
tau_a =                1
tau_b =               10
t =               50
delta =              0.2
               0               1               1
             0.2          0.8187           1.162
             0.4          0.6703           1.288
             0.6          0.5488           1.384
             0.8          0.4493           1.456
               1          0.3679           1.508
             1.2          0.3012           1.545
             1.4          0.2466           1.569
             1.6          0.2019           1.583
             1.8          0.1653           1.588
               2          0.1353           1.586
             2.2          0.1108           1.579
             2.4         0.09072           1.567
             2.6         0.07428           1.553
             2.8         0.06081           1.535
               3         0.04979           1.515
             3.2         0.04076           1.494
             3.4         0.03338           1.472
             3.6         0.02733           1.448
             3.8         0.02237           1.424
               4         0.01832             1.4
             4.2           0.015           1.375
             4.4         0.01228            1.35
             4.6         0.01005           1.326
             4.8         0.00823           1.301
               5        0.006738           1.276
             5.2        0.005517           1.252
             5.4        0.004517           1.228
             5.6        0.003698           1.204
             5.8        0.003028           1.181
               6        0.002479           1.158
             6.2         0.00203           1.135
             6.4        0.001662           1.113
             6.6        0.001361           1.091
             6.8        0.001114           1.069
               7        0.000912           1.048
             7.2       0.0007467           1.027
             7.4       0.0006113           1.007
             7.6       0.0005005          0.9869
             7.8       0.0004098          0.9672
               8       0.0003355           0.948
             8.2       0.0002747          0.9291
             8.4       0.0002249          0.9105
             8.6       0.0001841          0.8924
             8.8       0.0001508          0.8746
               9       0.0001234          0.8571
             9.2       0.0001011            0.84
             9.4       8.274e-05          0.8232
             9.6       6.774e-05          0.8067
             9.8       5.546e-05          0.7906
              10       4.541e-05          0.7748
            10.2       3.718e-05          0.7593
            10.4       3.044e-05          0.7442
            10.6       2.492e-05          0.7293
            10.8        2.04e-05          0.7147
              11        1.67e-05          0.7004
            11.2       1.368e-05          0.6864
            11.4        1.12e-05          0.6727
            11.6       9.168e-06          0.6592
            11.8       7.506e-06           0.646
              12       6.145e-06          0.6331
            12.2       5.031e-06          0.6205
            12.4       4.119e-06          0.6081
            12.6       3.373e-06          0.5959
            12.8       2.761e-06           0.584
              13       2.261e-06          0.5723
            13.2       1.851e-06          0.5608
            13.4       1.515e-06          0.5496
            13.6       1.241e-06          0.5386
            13.8       1.016e-06          0.5279
              14       8.317e-07          0.5173
            14.2        6.81e-07           0.507
            14.4       5.575e-07          0.4968
            14.6       4.565e-07          0.4869
            14.8       3.737e-07          0.4772
              15        3.06e-07          0.4676
            15.2       2.505e-07          0.4583
            15.4       2.051e-07          0.4491
            15.6       1.679e-07          0.4401
            15.8       1.375e-07          0.4313
              16       1.126e-07          0.4227
            16.2       9.216e-08          0.4142
            16.4       7.545e-08          0.4059
            16.6       6.178e-08          0.3978
            16.8       5.058e-08          0.3899
              17       4.141e-08          0.3821
            17.2        3.39e-08          0.3744
            17.4       2.776e-08          0.3669
            17.6       2.273e-08          0.3596
            17.8       1.861e-08          0.3524
              18       1.523e-08          0.3454
            18.2       1.247e-08          0.3385
            18.4       1.021e-08          0.3317
            18.6       8.361e-09          0.3251
            18.8       6.845e-09          0.3186
              19       5.604e-09          0.3122
            19.2       4.589e-09          0.3059
            19.4       3.757e-09          0.2998
            19.6       3.076e-09          0.2938
            19.8       2.518e-09          0.2879
              20       2.062e-09          0.2822
            20.2       1.688e-09          0.2765
            20.4       1.382e-09           0.271
            20.6       1.132e-09          0.2656
            20.8       9.264e-10          0.2603
              21       7.585e-10          0.2551
            21.2        6.21e-10            0.25
            21.4       5.084e-10           0.245
            21.6       4.163e-10          0.2401
            21.8       3.408e-10          0.2353
              22        2.79e-10          0.2306
            22.2       2.285e-10           0.226
            22.4        1.87e-10          0.2214
            22.6       1.531e-10           0.217
            22.8       1.254e-10          0.2127
              23       1.027e-10          0.2084
            23.2       8.405e-11          0.2042
            23.4       6.881e-11          0.2002
            23.6       5.634e-11          0.1962
            23.8       4.613e-11          0.1922
              24       3.777e-11          0.1884
            24.2       3.092e-11          0.1846
            24.4       2.532e-11          0.1809
            24.6       2.073e-11          0.1773
            24.8       1.697e-11          0.1738
              25       1.389e-11          0.1703
            25.2       1.138e-11          0.1669
            25.4       9.313e-12          0.1635
            25.6       7.625e-12          0.1603
            25.8       6.243e-12          0.1571
              26       5.111e-12          0.1539
            26.2       4.185e-12          0.1508
            26.4       3.426e-12          0.1478
            26.6       2.805e-12          0.1449
            26.8       2.297e-12           0.142
              27        1.88e-12          0.1391
            27.2       1.539e-12          0.1364
            27.4        1.26e-12          0.1336
            27.6       1.032e-12           0.131
            27.8       8.449e-13          0.1283
              28       6.917e-13          0.1258
            28.2       5.664e-13          0.1233
            28.4       4.637e-13          0.1208
            28.6       3.796e-13          0.1184
            28.8       3.108e-13           0.116
              29       2.545e-13          0.1137
            29.2       2.084e-13          0.1114
            29.4       1.706e-13          0.1092
            29.6       1.397e-13           0.107
            29.8       1.143e-13          0.1049
              30       9.362e-14          0.1028
            30.2       7.665e-14          0.1007
            30.4       6.276e-14         0.09869
            30.6       5.138e-14         0.09672
            30.8       4.207e-14         0.09479
              31       3.444e-14         0.09289
            31.2        2.82e-14         0.09103
            31.4       2.309e-14         0.08921
            31.6        1.89e-14         0.08743
            31.8       1.548e-14         0.08568
              32       1.267e-14         0.08397
            32.2       1.037e-14         0.08229
            32.4       8.493e-15         0.08064
            32.6       6.954e-15         0.07903
            32.8       5.693e-15         0.07745
              33       4.661e-15          0.0759
            33.2       3.816e-15         0.07438
            33.4       3.125e-15         0.07289
            33.6       2.558e-15         0.07143
            33.8       2.094e-15         0.07001
              34       1.715e-15         0.06861
            34.2       1.404e-15         0.06723
            34.4       1.149e-15         0.06589
            34.6       9.411e-16         0.06457
            34.8       7.705e-16         0.06328
              35       6.309e-16         0.06201
            35.2       5.165e-16         0.06077
            35.4       4.229e-16         0.05956
            35.6       3.462e-16         0.05837
            35.8       2.835e-16          0.0572
              36       2.321e-16         0.05606
            36.2         1.9e-16         0.05493
            36.4       1.556e-16         0.05384
            36.6       1.274e-16         0.05276
            36.8       1.043e-16          0.0517
              37       8.538e-17         0.05067
            37.2        6.99e-17         0.04966
            37.4       5.723e-17         0.04866
            37.6       4.686e-17         0.04769
            37.8       3.836e-17         0.04674
              38       3.141e-17          0.0458
            38.2       2.572e-17         0.04489
            38.4       2.105e-17         0.04399
            38.6       1.724e-17         0.04311
            38.8       1.411e-17         0.04225
              39       1.156e-17          0.0414
            39.2       9.461e-18         0.04057
            39.4       7.746e-18         0.03976
            39.6       6.342e-18         0.03897
            39.8       5.192e-18         0.03819
              40       4.251e-18         0.03742
            40.2        3.48e-18         0.03667
            40.4        2.85e-18         0.03594
            40.6       2.333e-18         0.03522
            40.8        1.91e-18         0.03452
              41       1.564e-18         0.03383
            41.2        1.28e-18         0.03315
            41.4       1.048e-18         0.03249
            41.6       8.583e-19         0.03184
            41.8       7.027e-19          0.0312
              42       5.753e-19         0.03058
            42.2        4.71e-19         0.02997
            42.4       3.857e-19         0.02937
            42.6       3.158e-19         0.02878
            42.8       2.585e-19          0.0282
              43       2.117e-19         0.02764
            43.2       1.733e-19         0.02709
            43.4       1.419e-19         0.02655
            43.6       1.162e-19         0.02601
            43.8        9.51e-20         0.02549
              44       7.787e-20         0.02498
            44.2       6.375e-20         0.02448
            44.4       5.219e-20         0.02399
            44.6       4.273e-20         0.02351
            44.8       3.499e-20         0.02304
              45       2.865e-20         0.02258
            45.2       2.345e-20         0.02213
            45.4        1.92e-20         0.02169
            45.6       1.572e-20         0.02126
            45.8       1.287e-20         0.02083
              46       1.054e-20         0.02041
            46.2       8.628e-21         0.02001
            46.4       7.064e-21         0.01961
            46.6       5.784e-21         0.01921
            46.8       4.735e-21         0.01883
              47       3.877e-21         0.01845
            47.2       3.174e-21         0.01808
            47.4       2.599e-21         0.01772
            47.6       2.128e-21         0.01737
            47.8       1.742e-21         0.01702
              48       1.426e-21         0.01668
            48.2       1.168e-21         0.01635
            48.4        9.56e-22         0.01602
            48.6       7.827e-22          0.0157
            48.8       6.409e-22         0.01538
              49       5.247e-22         0.01508
            49.2       4.296e-22         0.01478
            49.4       3.517e-22         0.01448
            49.6        2.88e-22         0.01419
            49.8       2.358e-22         0.01391
              50        1.93e-22         0.01363
              50        1.93e-22         0.01363
