a =                1
b =                1
tau_a =                1
tau_b =               10
t =               50
delta =              0.2
               0               1               1
             0.2             0.8            1.18
             0.4            0.64           1.316
             0.6           0.512           1.418
             0.8          0.4096           1.492
               1          0.3277           1.544
             1.2          0.2621           1.579
             1.4          0.2097             1.6
             1.6          0.1678            1.61
             1.8          0.1342           1.611
               2          0.1074           1.606
             2.2          0.0859           1.595
             2.4         0.06872            1.58
             2.6         0.05498           1.562
             2.8         0.04398           1.542
               3         0.03518            1.52
             3.2         0.02815           1.497
             3.4         0.02252           1.472
             3.6         0.01801           1.447
             3.8         0.01441           1.422
               4         0.01153           1.397
             4.2        0.009223           1.371
             4.4        0.007379           1.345
             4.6        0.005903            1.32
             4.8        0.004722           1.295
               5        0.003778            1.27
             5.2        0.003022           1.245
             5.4        0.002418           1.221
             5.6        0.001934           1.197
             5.8        0.001547           1.173
               6        0.001238            1.15
             6.2       0.0009904           1.127
             6.4       0.0007923           1.105
             6.6       0.0006338           1.083
             6.8       0.0005071           1.062
               7       0.0004056            1.04
             7.2       0.0003245            1.02
             7.4       0.0002596          0.9994
             7.6       0.0002077          0.9795
             7.8       0.0001662          0.9599
               8       0.0001329          0.9408
             8.2       0.0001063           0.922
             8.4       8.507e-05          0.9036
             8.6       6.806e-05          0.8855
             8.8       5.445e-05          0.8678
               9       4.356e-05          0.8505
             9.2       3.484e-05          0.8335
             9.4       2.788e-05          0.8168
             9.6        2.23e-05          0.8005
             9.8       1.784e-05          0.7845
              10       1.427e-05          0.7688
            10.2       1.142e-05          0.7534
            10.4       9.134e-06          0.7383
            10.6       7.308e-06          0.7236
            10.8       5.846e-06          0.7091
              11       4.677e-06          0.6949
            11.2       3.741e-06           0.681
            11.4       2.993e-06          0.6674
            11.6       2.395e-06          0.6541
            11.8       1.916e-06           0.641
              12       1.532e-06          0.6282
            12.2       1.226e-06          0.6156
            12.4       9.808e-07          0.6033
            12.6       7.846e-07          0.5912
            12.8       6.277e-07          0.5794
              13       5.022e-07          0.5678
            13.2       4.017e-07          0.5565
            13.4       3.214e-07          0.5453
            13.6       2.571e-07          0.5344
            13.8       2.057e-07          0.5237
              14       1.646e-07          0.5133
            14.2       1.316e-07           0.503
            14.4       1.053e-07          0.4929
            14.6       8.425e-08          0.4831
            14.8        6.74e-08          0.4734
              15       5.392e-08          0.4639
            15.2       4.314e-08          0.4547
            15.4       3.451e-08          0.4456
            15.6       2.761e-08          0.4367
            15.8       2.209e-08          0.4279
              16       1.767e-08          0.4194
            16.2       1.413e-08           0.411
            16.4       1.131e-08          0.4028
            16.6       9.046e-09          0.3947
            16.8       7.237e-09          0.3868
              17        5.79e-09          0.3791
            17.2       4.632e-09          0.3715
            17.4       3.705e-09          0.3641
            17.6       2.964e-09          0.3568
            17.8       2.371e-09          0.3496
              18       1.897e-09          0.3427
            18.2       1.518e-09          0.3358
            18.4       1.214e-09          0.3291
            18.6       9.713e-10          0.3225
            18.8       7.771e-10          0.3161
              19       6.217e-10          0.3097
            19.2       4.973e-10          0.3035
            19.4       3.979e-10          0.2975
            19.6       3.183e-10          0.2915
            19.8       2.546e-10          0.2857
              20       2.037e-10            0.28
            20.2        1.63e-10          0.2744
            20.4       1.304e-10          0.2689
            20.6       1.043e-10          0.2635
            20.8       8.344e-11          0.2582
              21       6.675e-11          0.2531
            21.2        5.34e-11           0.248
            21.4       4.272e-11          0.2431
            21.6       3.418e-11          0.2382
            21.8       2.734e-11          0.2334
              22       2.187e-11          0.2288
            22.2        1.75e-11          0.2242
            22.4         1.4e-11          0.2197
            22.6        1.12e-11          0.2153
            22.8       8.959e-12           0.211
              23       7.167e-12          0.2068
            23.2       5.734e-12          0.2026
            23.4       4.587e-12          0.1986
            23.6        3.67e-12          0.1946
            23.8       2.936e-12          0.1907
              24       2.349e-12          0.1869
            24.2       1.879e-12          0.1832
            24.4       1.503e-12          0.1795
            24.6       1.202e-12          0.1759
            24.8        9.62e-13          0.1724
              25       7.696e-13           0.169
            25.2       6.157e-13          0.1656
            25.4       4.925e-13          0.1623
            25.6        3.94e-13           0.159
            25.8       3.152e-13          0.1558
              26       2.522e-13          0.1527
            26.2       2.017e-13          0.1497
            26.4       1.614e-13          0.1467
            26.6       1.291e-13          0.1437
            26.8       1.033e-13          0.1409
              27       8.263e-14           0.138
            27.2       6.611e-14          0.1353
            27.4       5.288e-14          0.1326
            27.6       4.231e-14          0.1299
            27.8       3.385e-14          0.1273
              28       2.708e-14          0.1248
            28.2       2.166e-14          0.1223
            28.4       1.733e-14          0.1198
            28.6       1.386e-14          0.1174
            28.8       1.109e-14          0.1151
              29       8.873e-15          0.1128
            29.2       7.098e-15          0.1105
            29.4       5.678e-15          0.1083
            29.6       4.543e-15          0.1062
            29.8       3.634e-15           0.104
              30       2.907e-15           0.102
            30.2       2.326e-15         0.09992
            30.4       1.861e-15         0.09792
            30.6       1.489e-15         0.09596
            30.8       1.191e-15         0.09404
              31       9.527e-16         0.09216
            31.2       7.621e-16         0.09032
            31.4       6.097e-16         0.08851
            31.6       4.878e-16         0.08674
            31.8       3.902e-16         0.08501
              32       3.122e-16         0.08331
            32.2       2.497e-16         0.08164
            32.4       1.998e-16         0.08001
            32.6       1.598e-16         0.07841
            32.8       1.279e-16         0.07684
              33       1.023e-16          0.0753
            33.2       8.183e-17          0.0738
            33.4       6.547e-17         0.07232
            33.6       5.237e-17         0.07087
            33.8        4.19e-17         0.06946
              34       3.352e-17         0.06807
            34.2       2.682e-17         0.06671
            34.4       2.145e-17         0.06537
            34.6       1.716e-17         0.06407
            34.8       1.373e-17         0.06278
              35       1.098e-17         0.06153
            35.2       8.787e-18          0.0603
            35.4        7.03e-18         0.05909
            35.6       5.624e-18         0.05791
            35.8       4.499e-18         0.05675
              36       3.599e-18         0.05562
            36.2       2.879e-18          0.0545
            36.4       2.303e-18         0.05341
            36.6       1.843e-18         0.05235
            36.8       1.474e-18          0.0513
              37       1.179e-18         0.05027
            37.2       9.435e-19         0.04927
            37.4       7.548e-19         0.04828
            37.6       6.038e-19         0.04732
            37.8       4.831e-19         0.04637
              38       3.865e-19         0.04544
            38.2       3.092e-19         0.04453
            38.4       2.473e-19         0.04364
            38.6       1.979e-19         0.04277
            38.8       1.583e-19         0.04192
              39       1.266e-19         0.04108
            39.2       1.013e-19         0.04026
            39.4       8.105e-20         0.03945
            39.6       6.484e-20         0.03866
            39.8       5.187e-20         0.03789
              40        4.15e-20         0.03713
            40.2        3.32e-20         0.03639
            40.4       2.656e-20         0.03566
            40.6       2.125e-20         0.03495
            40.8         1.7e-20         0.03425
              41        1.36e-20         0.03356
            41.2       1.088e-20         0.03289
            41.4       8.702e-21         0.03223
            41.6       6.962e-21         0.03159
            41.8       5.569e-21         0.03096
              42       4.456e-21         0.03034
            42.2       3.564e-21         0.02973
            42.4       2.852e-21         0.02914
            42.6       2.281e-21         0.02855
            42.8       1.825e-21         0.02798
              43        1.46e-21         0.02742
            43.2       1.168e-21         0.02687
            43.4       9.344e-22         0.02634
            43.6       7.475e-22         0.02581
            43.8        5.98e-22         0.02529
              44       4.784e-22         0.02479
            44.2       3.827e-22         0.02429
            44.4       3.062e-22         0.02381
            44.6       2.449e-22         0.02333
            44.8        1.96e-22         0.02286
              45       1.568e-22         0.02241
            45.2       1.254e-22         0.02196
            45.4       1.003e-22         0.02152
            45.6       8.026e-23         0.02109
            45.8       6.421e-23         0.02067
              46       5.137e-23         0.02025
            46.2       4.109e-23         0.01985
            46.4       3.288e-23         0.01945
            46.6        2.63e-23         0.01906
            46.8       2.104e-23         0.01868
              47       1.683e-23         0.01831
            47.2       1.347e-23         0.01794
            47.4       1.077e-23         0.01758
            47.6       8.618e-24         0.01723
            47.8       6.895e-24         0.01689
              48       5.516e-24         0.01655
            48.2       4.413e-24         0.01622
            48.4        3.53e-24         0.01589
            48.6       2.824e-24         0.01558
            48.8       2.259e-24         0.01526
              49       1.807e-24         0.01496
            49.2       1.446e-24         0.01466
            49.4       1.157e-24         0.01437
            49.6       9.254e-25         0.01408
            49.8       7.403e-25          0.0138
              50       5.922e-25         0.01352
              50       5.922e-25         0.01352
