a =                1
b =                1
tau_a =                1
tau_b =               10
t =               50
delta =              0.2
               0               1               1
             0.2             0.8            1.16
             0.4            0.64           1.281
             0.6           0.512            1.37
             0.8          0.4096           1.435
               1          0.3277            1.48
             1.2          0.2621            1.51
             1.4          0.2097           1.527
             1.6          0.1678           1.534
             1.8          0.1342           1.533
               2          0.1074           1.527
             2.2          0.0859           1.516
             2.4         0.06872           1.501
             2.6         0.05498           1.483
             2.8         0.04398           1.463
               3         0.03518           1.442
             3.2         0.02815           1.419
             3.4         0.02252           1.396
             3.6         0.01801           1.372
             3.8         0.01441           1.348
               4         0.01153           1.324
             4.2        0.009223           1.299
             4.4        0.007379           1.275
             4.6        0.005903           1.251
             4.8        0.004722           1.227
               5        0.003778           1.203
             5.2        0.003022            1.18
             5.4        0.002418           1.157
             5.6        0.001934           1.134
             5.8        0.001547           1.112
               6        0.001238            1.09
             6.2       0.0009904           1.068
             6.4       0.0007923           1.047
             6.6       0.0006338           1.026
             6.8       0.0005071           1.006
               7       0.0004056          0.9857
             7.2       0.0003245          0.9661
             7.4       0.0002596          0.9468
             7.6       0.0002077          0.9279
             7.8       0.0001662          0.9094
               8       0.0001329          0.8913
             8.2       0.0001063          0.8735
             8.4       8.507e-05           0.856
             8.6       6.806e-05          0.8389
             8.8       5.445e-05          0.8221
               9       4.356e-05          0.8057
             9.2       3.484e-05          0.7896
             9.4       2.788e-05          0.7738
             9.6        2.23e-05          0.7583
             9.8       1.784e-05          0.7432
              10       1.427e-05          0.7283
            10.2       1.142e-05          0.7138
            10.4       9.134e-06          0.6995
            10.6       7.308e-06          0.6855
            10.8       5.846e-06          0.6718
              11       4.677e-06          0.6584
            11.2       3.741e-06          0.6452
            11.4       2.993e-06          0.6323
            11.6       2.395e-06          0.6196
            11.8       1.916e-06          0.6072
              12       1.532e-06          0.5951
            12.2       1.226e-06          0.5832
            12.4       9.808e-07          0.5715
            12.6       7.846e-07          0.5601
            12.8       6.277e-07          0.5489
              13       5.022e-07          0.5379
            13.2       4.017e-07          0.5272
            13.4       3.214e-07          0.5166
            13.6       2.571e-07          0.5063
            13.8       2.057e-07          0.4962
              14       1.646e-07          0.4862
            14.2       1.316e-07          0.4765
            14.4       1.053e-07           0.467
            14.6       8.425e-08          0.4576
            14.8        6.74e-08          0.4485
              15       5.392e-08          0.4395
            15.2       4.314e-08          0.4307
            15.4       3.451e-08          0.4221
            15.6       2.761e-08          0.4137
            15.8       2.209e-08          0.4054
              16       1.767e-08          0.3973
            16.2       1.413e-08          0.3894
            16.4       1.131e-08          0.3816
            16.6       9.046e-09          0.3739
            16.8       7.237e-09          0.3665
              17        5.79e-09          0.3591
            17.2       4.632e-09          0.3519
            17.4       3.705e-09          0.3449
            17.6       2.964e-09           0.338
            17.8       2.371e-09          0.3312
              18       1.897e-09          0.3246
            18.2       1.518e-09          0.3181
            18.4       1.214e-09          0.3118
            18.6       9.713e-10          0.3055
            18.8       7.771e-10          0.2994
              19       6.217e-10          0.2934
            19.2       4.973e-10          0.2876
            19.4       3.979e-10          0.2818
            19.6       3.183e-10          0.2762
            19.8       2.546e-10          0.2707
              20       2.037e-10          0.2652
            20.2        1.63e-10          0.2599
            20.4       1.304e-10          0.2547
            20.6       1.043e-10          0.2496
            20.8       8.344e-11          0.2446
              21       6.675e-11          0.2398
            21.2        5.34e-11           0.235
            21.4       4.272e-11          0.2303
            21.6       3.418e-11          0.2257
            21.8       2.734e-11          0.2211
              22       2.187e-11          0.2167
            22.2        1.75e-11          0.2124
            22.4         1.4e-11          0.2081
            22.6        1.12e-11           0.204
            22.8       8.959e-12          0.1999
              23       7.167e-12          0.1959
            23.2       5.734e-12           0.192
            23.4       4.587e-12          0.1881
            23.6        3.67e-12          0.1844
            23.8       2.936e-12          0.1807
              24       2.349e-12          0.1771
            24.2       1.879e-12          0.1735
            24.4       1.503e-12          0.1701
            24.6       1.202e-12          0.1667
            24.8        9.62e-13          0.1633
              25       7.696e-13          0.1601
            25.2       6.157e-13          0.1569
            25.4       4.925e-13          0.1537
            25.6        3.94e-13          0.1506
            25.8       3.152e-13          0.1476
              26       2.522e-13          0.1447
            26.2       2.017e-13          0.1418
            26.4       1.614e-13           0.139
            26.6       1.291e-13          0.1362
            26.8       1.033e-13          0.1335
              27       8.263e-14          0.1308
            27.2       6.611e-14          0.1282
            27.4       5.288e-14          0.1256
            27.6       4.231e-14          0.1231
            27.8       3.385e-14          0.1206
              28       2.708e-14          0.1182
            28.2       2.166e-14          0.1159
            28.4       1.733e-14          0.1135
            28.6       1.386e-14          0.1113
            28.8       1.109e-14           0.109
              29       8.873e-15          0.1069
            29.2       7.098e-15          0.1047
            29.4       5.678e-15          0.1026
            29.6       4.543e-15          0.1006
            29.8       3.634e-15         0.09856
              30       2.907e-15         0.09659
            30.2       2.326e-15         0.09466
            30.4       1.861e-15         0.09277
            30.6       1.489e-15         0.09091
            30.8       1.191e-15         0.08909
              31       9.527e-16         0.08731
            31.2       7.621e-16         0.08557
            31.4       6.097e-16         0.08385
            31.6       4.878e-16         0.08218
            31.8       3.902e-16         0.08053
              32       3.122e-16         0.07892
            32.2       2.497e-16         0.07734
            32.4       1.998e-16          0.0758
            32.6       1.598e-16         0.07428
            32.8       1.279e-16          0.0728
              33       1.023e-16         0.07134
            33.2       8.183e-17         0.06991
            33.4       6.547e-17         0.06851
            33.6       5.237e-17         0.06714
            33.8        4.19e-17          0.0658
              34       3.352e-17         0.06449
            34.2       2.682e-17          0.0632
            34.4       2.145e-17         0.06193
            34.6       1.716e-17         0.06069
            34.8       1.373e-17         0.05948
              35       1.098e-17         0.05829
            35.2       8.787e-18         0.05712
            35.4        7.03e-18         0.05598
            35.6       5.624e-18         0.05486
            35.8       4.499e-18         0.05376
              36       3.599e-18         0.05269
            36.2       2.879e-18         0.05164
            36.4       2.303e-18          0.0506
            36.6       1.843e-18         0.04959
            36.8       1.474e-18          0.0486
              37       1.179e-18         0.04763
            37.2       9.435e-19         0.04667
            37.4       7.548e-19         0.04574
            37.6       6.038e-19         0.04483
            37.8       4.831e-19         0.04393
              38       3.865e-19         0.04305
            38.2       3.092e-19         0.04219
            38.4       2.473e-19         0.04135
            38.6       1.979e-19         0.04052
            38.8       1.583e-19         0.03971
              39       1.266e-19         0.03891
            39.2       1.013e-19         0.03814
            39.4       8.105e-20         0.03737
            39.6       6.484e-20         0.03663
            39.8       5.187e-20         0.03589
              40        4.15e-20         0.03518
            40.2        3.32e-20         0.03447
            40.4       2.656e-20         0.03378
            40.6       2.125e-20         0.03311
            40.8         1.7e-20         0.03245
              41        1.36e-20          0.0318
            41.2       1.088e-20         0.03116
            41.4       8.702e-21         0.03054
            41.6       6.962e-21         0.02993
            41.8       5.569e-21         0.02933
              42       4.456e-21         0.02874
            42.2       3.564e-21         0.02817
            42.4       2.852e-21          0.0276
            42.6       2.281e-21         0.02705
            42.8       1.825e-21         0.02651
              43        1.46e-21         0.02598
            43.2       1.168e-21         0.02546
            43.4       9.344e-22         0.02495
            43.6       7.475e-22         0.02445
            43.8        5.98e-22         0.02396
              44       4.784e-22         0.02348
            44.2       3.827e-22         0.02301
            44.4       3.062e-22         0.02255
            44.6       2.449e-22          0.0221
            44.8        1.96e-22         0.02166
              45       1.568e-22         0.02123
            45.2       1.254e-22          0.0208
            45.4       1.003e-22         0.02039
            45.6       8.026e-23         0.01998
            45.8       6.421e-23         0.01958
              46       5.137e-23         0.01919
            46.2       4.109e-23          0.0188
            46.4       3.288e-23         0.01843
            46.6        2.63e-23         0.01806
            46.8       2.104e-23          0.0177
              47       1.683e-23         0.01734
            47.2       1.347e-23           0.017
            47.4       1.077e-23         0.01666
            47.6       8.618e-24         0.01632
            47.8       6.895e-24           0.016
              48       5.516e-24         0.01568
            48.2       4.413e-24         0.01536
            48.4        3.53e-24         0.01506
            48.6       2.824e-24         0.01476
            48.8       2.259e-24         0.01446
              49       1.807e-24         0.01417
            49.2       1.446e-24         0.01389
            49.4       1.157e-24         0.01361
            49.6       9.254e-25         0.01334
            49.8       7.403e-25         0.01307
              50       5.922e-25         0.01281
              50       5.922e-25         0.01281
